date,price,last_update
2026-04-01,2.559,2026-04-01T12:10:38+02:00
2026-04-02,2.559,2026-04-02T12:06:54+02:00
2026-04-03,2.529,2026-04-03T12:06:55+02:00
2026-04-04,2.529,2026-04-04T12:06:56+02:00
2026-04-05,2.529,2026-04-05T12:10:51+02:00
2026-04-06,2.529,2026-04-06T12:06:59+02:00
2026-04-07,2.539,2026-04-07T12:07:20+02:00
2026-04-08,2.539,2026-04-07T12:52:15+02:00
2026-04-09,2.539,2026-04-08T12:52:23+02:00
2026-04-10,2.539,2026-04-09T12:52:58+02:00
2026-04-11,2.459,2026-04-10T15:07:38+02:00
2026-04-14,2.499,2026-04-14T12:07:41+02:00
2026-04-15,2.549,2026-04-15T12:07:37+02:00
2026-04-16,2.539,2026-04-16T12:10:32+02:00
2026-04-17,2.559,2026-04-17T12:07:10+02:00
2026-04-18,2.539,2026-04-18T12:07:53+02:00
2026-04-19,2.539,2026-04-19T12:07:56+02:00
2026-04-20,2.549,2026-04-20T12:06:54+02:00
2026-04-21,2.439,2026-04-21T11:53:13+02:00
2026-04-22,2.559,2026-04-22T12:07:35+02:00
2026-04-23,2.579,2026-04-23T12:07:41+02:00
2026-04-24,2.589,2026-04-24T12:08:49+02:00
2026-04-25,2.569,2026-04-25T12:08:23+02:00
2026-04-26,2.569,2026-04-26T12:06:58+02:00
2026-04-27,2.569,2026-04-26T12:06:58+02:00
2026-04-28,2.569,2026-04-27T12:07:50+02:00
2026-04-30,2.569,2026-04-29T16:25:47+02:00
2026-05-01,2.429,2026-05-01T12:08:37+02:00
2026-05-02,2.429,2026-05-01T12:08:37+02:00
2026-05-04,2.529,2026-05-04T12:04:56+02:00
2026-05-05,2.529,2026-05-05T12:07:52+02:00
2026-05-06,2.489,2026-05-05T16:24:49+02:00
2026-05-07,2.489,2026-05-07T10:12:58+02:00
2026-05-08,2.469,2026-05-07T17:37:51+02:00
2026-05-09,2.469,2026-05-08T17:22:49+02:00
2026-05-10,2.459,2026-05-09T17:34:37+02:00
2026-05-12,2.559,2026-05-12T12:10:30+02:00
2026-05-13,2.479,2026-05-12T17:22:59+02:00
2026-05-14,2.499,2026-05-14T12:07:09+02:00
2026-05-15,2.499,2026-05-15T12:04:46+02:00
2026-05-16,2.509,2026-05-16T12:07:45+02:00
2026-05-17,2.509,2026-05-17T12:08:17+02:00
2026-05-18,2.509,2026-05-18T12:10:27+02:00
2026-05-19,2.509,2026-05-19T12:07:54+02:00
2026-05-20,2.489,2026-05-19T16:27:57+02:00
2026-05-22,2.489,2026-05-21T13:43:52+02:00
2026-05-24,2.489,2026-05-23T12:07:43+02:00
2026-05-27,2.489,2026-05-26T17:22:25+02:00
2026-05-28,2.469,2026-05-27T17:21:50+02:00
2026-05-29,2.449,2026-05-29T12:07:08+02:00
2026-05-30,2.449,2026-05-29T12:07:08+02:00
2026-06-02,2.449,2026-06-01T13:22:04+02:00
2026-06-05,2.459,2026-06-04T12:04:20+02:00
2026-06-08,2.469,2026-06-08T12:08:51+02:00
2026-06-09,2.459,2026-06-09T11:22:21+02:00
2026-06-10,2.459,2026-06-09T11:22:21+02:00
2026-06-11,2.449,2026-06-11T06:59:17+02:00
2026-06-12,2.429,2026-06-11T16:24:32+02:00
2026-06-14,2.429,2026-06-14T04:11:45+02:00
2026-06-15,2.429,2026-06-15T07:50:06+02:00
2026-06-16,2.399,2026-06-15T16:28:50+02:00
2026-06-17,2.399,2026-06-16T13:37:13+02:00
2026-06-18,2.379,2026-06-18T10:59:25+02:00
2026-06-19,2.379,2026-06-18T10:59:25+02:00
2026-06-20,2.379,2026-06-19T17:57:49+02:00
2026-06-24,2.379,2026-06-23T20:28:22+02:00
2026-06-25,2.359,2026-06-24T20:01:09+02:00
2026-06-26,2.359,2026-06-25T16:28:07+02:00
2026-06-27,2.359,2026-06-26T19:56:07+02:00
2026-06-28,2.359,2026-06-27T20:49:29+02:00
2026-06-29,2.369,2026-06-29T12:07:55+02:00
2026-06-30,2.489,2026-06-30T12:04:37+02:00
2026-07-01,2.539,2026-07-01T12:08:14+02:00
2026-07-02,2.539,2026-07-02T12:04:29+02:00
2026-07-03,2.539,2026-07-03T12:03:44+02:00
2026-07-04,2.529,2026-07-04T12:08:03+02:00
2026-07-05,2.529,2026-07-05T12:08:33+02:00
2026-07-06,2.549,2026-07-06T12:05:00+02:00
2026-07-07,2.559,2026-07-07T12:03:46+02:00
2026-07-08,2.559,2026-07-08T12:05:01+02:00
2026-07-09,2.579,2026-07-09T12:05:37+02:00
2026-07-10,2.569,2026-07-10T12:10:36+02:00
2026-07-11,2.559,2026-07-10T16:24:47+02:00
2026-07-12,2.559,2026-07-11T16:25:32+02:00
2026-07-13,2.589,2026-07-13T12:07:49+02:00
2026-07-14,2.629,2026-07-14T12:05:20+02:00
2026-07-15,2.639,2026-07-15T12:04:40+02:00
2026-07-16,2.629,2026-07-15T17:04:40+02:00
2026-07-17,2.639,2026-07-17T12:07:52+02:00
2026-07-18,2.639,2026-07-17T16:29:15+02:00
2026-07-20,2.649,2026-07-19T12:07:44+02:00
2026-07-21,2.679,2026-07-21T12:06:58+02:00
2026-07-22,2.679,2026-07-21T12:06:58+02:00
2026-07-24,2.699,2026-07-23T12:03:26+02:00
2026-07-26,2.709,2026-07-26T07:33:20+02:00
2026-07-27,2.719,2026-07-27T12:07:05+02:00
2026-07-28,2.719,2026-07-27T12:07:05+02:00
2026-07-29,2.709,2026-07-28T13:19:27+02:00
2026-07-30,2.719,2026-07-30T12:07:41+02:00
2026-07-31,2.719,2026-07-30T12:07:41+02:00
2026-08-02,2.709,2026-08-01T13:16:49+02:00
2026-08-03,2.709,2026-08-02T12:03:51+02:00
2026-08-05,2.689,2026-08-04T17:28:14+02:00
2026-08-06,2.669,2026-08-05T17:24:44+02:00
2026-08-10,2.699,2026-08-09T12:07:21+02:00
2026-08-13,2.699,2026-08-12T12:07:52+02:00
2026-08-15,2.709,2026-08-14T12:03:30+02:00
2026-08-17,2.719,2026-08-16T12:07:30+02:00
2026-08-20,2.729,2026-08-19T14:02:44+02:00
2026-08-25,2.709,2026-08-24T14:08:25+02:00
2026-08-27,2.709,2026-08-26T19:29:17+02:00
2026-08-29,2.709,2026-08-28T16:27:59+02:00
2026-08-30,2.709,2026-08-29T19:02:28+02:00
2026-09-02,2.749,2026-09-02T12:04:30+02:00
2026-09-03,2.769,2026-09-03T12:06:58+02:00
2026-09-04,2.769,2026-09-04T12:04:46+02:00
2026-09-05,2.769,2026-09-04T12:04:46+02:00
2026-09-08,2.779,2026-09-07T16:29:25+02:00
2026-09-09,2.789,2026-09-09T12:07:43+02:00
2026-09-10,2.789,2026-09-09T16:28:44+02:00
2026-09-11,2.809,2026-09-11T12:04:25+02:00
2026-09-12,2.809,2026-09-12T12:06:55+02:00
2026-09-13,2.809,2026-09-13T12:07:37+02:00
2026-09-14,2.809,2026-09-14T12:09:37+02:00
2026-09-15,2.839,2026-09-15T12:07:45+02:00
2026-09-16,2.859,2026-09-16T12:07:04+02:00
2026-09-17,2.799,2026-09-16T16:25:02+02:00
2026-09-18,2.799,2026-09-17T16:26:06+02:00
2026-09-19,2.809,2026-09-19T12:05:47+02:00
2026-09-20,2.809,2026-09-19T16:28:17+02:00
2026-09-21,2.809,2026-09-20T16:25:31+02:00
2026-09-22,2.809,2026-09-21T16:25:09+02:00
2026-09-23,2.809,2026-09-22T16:32:37+02:00
2026-09-25,2.809,2026-09-24T12:07:18+02:00
